0.123648
0.79616
0.557586
-0.151951
-0.672615
-0.587237
0.579335
0.576546
-0.798638
-0.573918
0.931138
0.509196
0.665098
0.766346
-0.789395
0.948872
0.976606
-0.898735
0.121139
0.753329
0.295044
0.225012
-0.0584139
-0.474291
0.253495
0.224772
0.684083
0.976807
0.237555
0.544627
0.275784
-0.502837
-0.50997
0.104769
0.122531
0.596358
-0.273422
-0.492919
0.253263
-0.395462
-0.403875
0.551853
-0.0897595
0.0209315
-0.291427
0.888609
0.644407
0.702096
0.607233
0.443871
-0.597218
-0.522111
0.220116
-0.356698
0.107377
-0.920573
-0.631548
-0.990748
-0.0785244
-0.35394
-0.0613763
0.79278
0.0999269
-0.385544
-0.652125
0.535883
0.511228
0.314171
-0.879572
-0.685308
-0.253455
-0.174817
-0.021772
0.583828
-0.376731
0.0242709
0.483957
0.715594
-0.995454
-0.0622836
0.930914
-0.704
-0.853188
0.117977
